4294967294,0
3179,1
3172,1
2709,5
3176,5
4294967279,298
4294967278,335
3168,6
4294967279,407
3168,1
4294967278,157
3168,4
3168,5
3176,1
3546,1
3174,4
3174,5
3176,6
3546,5
3179,4
3172,4
2709,4
4294967294,1427
4294967294,478
4294967279,307
0,5
4294967294,1429
4294967294,7
4294967294,6
4294967294,499
4294967294,1422
4294967294,83
4294967294,507
4294967294,25
4294967294,497
4294967294,17
4294967294,67
4294967294,99
4294967294,76
4294967294,36
4294967294,41
4294967294,1426
4294967294,43
4294967294,430
4294967294,51
4294967294,52
4294967294,394
4294967294,24
4294967294,486
4294967294,26
4294967294,1166
4294967294,82
4294967294,39
4294967294,42
4294967294,5
4294967294,93
4294967294,95
4294967294,22
4294967293,131
4294967293,130
4294967293,129
4294967293,128
4294967293,127
4294967293,126
4294967293,125
4294967293,124
4294967293,123
4294967293,122
4294967293,121
4294967293,120
4294967293,119
4294967293,118
4294967293,117
4294967293,116
4294967293,115
4294967293,114
4294967293,113
4294967293,112
4294967293,111
4294967293,110
4294967293,109
4294967293,108
4294967293,107
4294967293,106
4294967293,105
4294967293,104
4294967293,103
4294967293,102
4294967293,101
4294967293,100
4294967293,99
4294967293,98
4294967293,97
4294967293,96
4294967293,95
4294967293,94
4294967293,93
4294967293,92
4294967293,91
4294967293,90
4294967293,89
4294967293,87
4294967293,86
4294967293,85
4294967293,84
4294967293,83
4294967293,82
4294967293,81
4294967293,80
4294967293,79
4294967293,78
4294967293,77
4294967293,76
4294967293,75
4294967293,74
4294967293,73
4294967293,72
4294967293,71
4294967293,70
4294967293,69
4294967293,68
4294967293,67
4294967293,66
4294967293,65
4294967293,64
4294967293,63
4294967293,62
4294967293,61
4294967293,60
4294967293,59
4294967293,58
4294967293,57
4294967293,56
4294967293,55
4294967293,54
4294967293,53
4294967293,52
4294967293,51
4294967293,50
4294967293,49
4294967293,48
4294967293,47
4294967293,46
4294967293,45
4294967293,44
4294967293,43
4294967293,42
4294967293,41
4294967293,40
4294967293,39
4294967293,38
4294967293,37
4294967293,36
4294967293,35
4294967293,34
4294967293,33
4294967293,32
4294967293,31
4294967293,30
4294967293,29
4294967293,28
4294967293,27
4294967293,26
4294967293,25
4294967293,24
4294967293,23
4294967293,22
4294967293,21
4294967293,20
4294967293,19
4294967293,18
4294967293,17
4294967293,16
4294967293,15
4294967293,14
4294967293,13
4294967293,12
4294967293,11
4294967293,10
4294967293,9
4294967293,8
4294967293,7
4294967293,6
4294967293,5
4294967293,4
4294967293,3
4294967278,132
4294967278,130
4294967278,309
4294967278,129
4294967278,239
4294967278,128
4294967278,127
4294967278,308
4294967278,126
4294967278,125
4294967278,314
4294967278,124
4294967278,123
4294967278,374
4294967278,122
4294967278,121
4294967278,120
4294967278,316
4294967278,118
4294967278,117
4294967278,358
4294967278,116
4294967278,115
4294967278,410
4294967278,114
4294967278,113
4294967278,111
4294967278,110
4294967278,109
4294967278,348
4294967278,357
4294967278,108
4294967278,106
4294967278,105
4294967278,104
4294967278,103
4294967278,102
4294967278,101
4294967278,100
4294967278,98
4294967278,96
4294967278,95
4294967278,94
4294967278,93
4294967278,92
4294967278,91
4294967278,90
4294967278,89
4294967278,87
4294967278,86
4294967278,84
4294967278,83
4294967278,82
4294967278,81
4294967278,80
4294967278,79
4294967278,78
4294967278,77
4294967278,76
4294967278,75
4294967278,74
4294967278,73
4294967278,72
4294967278,71
4294967278,70
4294967278,69
4294967278,68
4294967278,67
4294967278,66
4294967278,65
4294967278,64
4294967278,63
4294967278,62
4294967278,61
4294967278,60
4294967278,59
4294967278,58
4294967278,57
4294967278,56
4294967278,55
4294967278,54
4294967278,53
4294967278,52
4294967278,51
4294967278,50
4294967278,49
4294967278,48
4294967278,47
4294967278,46
4294967278,45
4294967278,44
4294967278,43
4294967278,42
4294967278,41
4294967278,310
4294967278,40
4294967278,227
4294967278,39
4294967278,447
4294967278,38
4294967278,37
4294967278,345
4294967278,36
4294967278,35
4294967278,34
4294967278,33
4294967278,32
4294967278,323
4294967278,31
4294967278,30
4294967278,386
4294967278,29
4294967278,422
4294967278,28
4294967278,445
4294967278,27
4294967278,289
4294967278,26
4294967278,25
4294967278,402
4294967278,24
4294967278,418
4294967278,23
4294967278,22
4294967278,339
4294967278,21
4294967278,400
4294967278,20
4294967278,300
4294967278,19
4294967278,18
4294967278,225
4294967278,17
4294967278,221
4294967278,16
4294967278,318
4294967278,15
4294967278,274
4294967278,14
4294967278,317
4294967278,13
4294967278,260
4294967278,296
4294967278,12
4294967278,11
4294967278,0
4294967278,174
4294967278,249
4294967278,10
4294967278,288
4294967278,9
4294967278,434
4294967278,8
4294967278,7
4294967278,397
4294967278,6
4294967278,5
4294967278,4
4294967279,132
4294967279,478
4294967279,131
4294967279,389
4294967279,130
4294967279,129
4294967279,302
4294967279,128
4294967279,127
4294967279,385
4294967279,126
4294967279,125
4294967279,215
4294967279,124
4294967279,419
4294967279,123
4294967279,122
4294967279,121
4294967279,120
4294967279,119
4294967279,229
4294967279,118
4294967279,384
4294967279,117
4294967279,116
4294967279,445
4294967279,115
4294967279,114
4294967279,260
4294967279,452
